0.00000000    0.05000000         0.09000000
0.00001000    0.04998748         0.09000171
0.00002000    0.04997499         0.09000345
0.00003000    0.04996251         0.09000521
0.00004000    0.04995004         0.09000700
0.00005000    0.04993760         0.09000882
0.00006000    0.04992517         0.09001066
0.00007000    0.04991275         0.09001253
0.00008000    0.04990035         0.09001441
0.00009000    0.04988797         0.09001633
0.00010000    0.04987560         0.09001826
0.00011000    0.04986325         0.09002022
0.00012000    0.04985091         0.09002220
0.00013000    0.04983858         0.09002421
0.00014000    0.04982627         0.09002623
0.00015000    0.04981397         0.09002828
0.00016000    0.04980168         0.09003035
0.00017000    0.04978941         0.09003244
0.00018000    0.04977715         0.09003455
0.00019000    0.04976490         0.09003668
0.00020000    0.04975266         0.09003883
0.00021000    0.04974043         0.09004100
0.00022000    0.04972822         0.09004319
0.00023000    0.04971601         0.09004540
0.00024000    0.04970382         0.09004763
0.00025000    0.04969163         0.09004987
0.00026000    0.04967946         0.09005214
0.00027000    0.04966729         0.09005442
0.00028000    0.04965513         0.09005672
0.00029000    0.04964299         0.09005904
0.00030000    0.04963085         0.09006137
0.00031000    0.04961872         0.09006373
0.00032000    0.04960660         0.09006609
0.00033000    0.04959448         0.09006848
0.00034000    0.04958237         0.09007088
0.00035000    0.04957028         0.09007330
0.00036000    0.04955818         0.09007573
0.00037000    0.04954610         0.09007818
0.00038000    0.04953402         0.09008064
0.00039000    0.04952195         0.09008312
0.00040000    0.04950988         0.09008561
0.00041000    0.04949782         0.09008812
0.00042000    0.04948577         0.09009064
0.00043000    0.04947372         0.09009318
0.00044000    0.04946168         0.09009573
0.00045000    0.04944964         0.09009829
0.00046000    0.04943760         0.09010087
0.00047000    0.04942558         0.09010346
0.00048000    0.04941355         0.09010606
0.00049000    0.04940153         0.09010868
0.00050000    0.04938952         0.09011130
0.00051000    0.04937751         0.09011394
0.00052000    0.04936550         0.09011660
0.00053000    0.04935349         0.09011926
0.00054000    0.04934149         0.09012194
0.00055000    0.04932950         0.09012463
0.00056000    0.04931750         0.09012733
0.00057000    0.04930551         0.09013004
0.00058000    0.04929352         0.09013277
0.00059000    0.04928153         0.09013550
0.00060000    0.04926955         0.09013824
0.00061000    0.04925757         0.09014100
0.00062000    0.04924559         0.09014377
0.00063000    0.04923361         0.09014654
0.00064000    0.04922163         0.09014933
0.00065000    0.04920966         0.09015213
0.00066000    0.04919768         0.09015494
0.00067000    0.04918571         0.09015775
0.00068000    0.04917374         0.09016058
0.00069000    0.04916177         0.09016342
0.00070000    0.04914980         0.09016626
0.00071000    0.04913783         0.09016912
0.00072000    0.04912586         0.09017198
0.00073000    0.04911389         0.09017485
0.00074000    0.04910192         0.09017773
0.00075000    0.04908995         0.09018062
0.00076000    0.04907799         0.09018352
0.00077000    0.04906602         0.09018643
0.00078000    0.04905405         0.09018935
0.00079000    0.04904208         0.09019227
0.00080000    0.04903011         0.09019520
0.00081000    0.04901814         0.09019814
0.00082000    0.04900616         0.09020109
0.00083000    0.04899419         0.09020404
0.00084000    0.04898222         0.09020701
0.00085000    0.04897024         0.09020998
0.00086000    0.04895827         0.09021296
0.00087000    0.04894629         0.09021594
0.00088000    0.04893431         0.09021893
0.00089000    0.04892233         0.09022193
0.00090000    0.04891035         0.09022494
0.00091000    0.04889836         0.09022795
0.00092000    0.04888638         0.09023097
0.00093000    0.04887439         0.09023400
0.00094000    0.04886240         0.09023703
0.00095000    0.04885040         0.09024007
0.00096000    0.04883841         0.09024312
0.00097000    0.04882641         0.09024617
0.00098000    0.04881441         0.09024923
0.00099000    0.04880240         0.09025230
0.00100000    0.04879040         0.09025537
0.00101000    0.04877839         0.09025845
0.00102000    0.04876638         0.09026153
0.00103000    0.04875436         0.09026462
0.00104000    0.04874234         0.09026771
0.00105000    0.04873032         0.09027081
0.00106000    0.04871830         0.09027392
0.00107000    0.04870627         0.09027703
0.00108000    0.04869424         0.09028014
0.00109000    0.04868220         0.09028327
0.00110000    0.04867016         0.09028639
0.00111000    0.04865812         0.09028953
0.00112000    0.04864608         0.09029266
0.00113000    0.04863403         0.09029580
0.00114000    0.04862197         0.09029895
0.00115000    0.04860991         0.09030210
0.00116000    0.04859785         0.09030526
0.00117000    0.04858578         0.09030842
0.00118000    0.04857371         0.09031159
0.00119000    0.04856164         0.09031476
0.00120000    0.04854956         0.09031793
0.00121000    0.04853747         0.09032111
0.00122000    0.04852538         0.09032430
0.00123000    0.04851329         0.09032749
0.00124000    0.04850119         0.09033068
0.00125000    0.04848909         0.09033388
0.00126000    0.04847698         0.09033708
0.00127000    0.04846487         0.09034028
0.00128000    0.04845275         0.09034349
0.00129000    0.04844063         0.09034671
0.00130000    0.04842850         0.09034992
0.00131000    0.04841637         0.09035314
0.00132000    0.04840423         0.09035637
0.00133000    0.04839209         0.09035960
0.00134000    0.04837994         0.09036283
0.00135000    0.04836778         0.09036607
0.00136000    0.04835562         0.09036931
0.00137000    0.04834346         0.09037255
0.00138000    0.04833129         0.09037580
0.00139000    0.04831911         0.09037905
0.00140000    0.04830693         0.09038230
0.00141000    0.04829474         0.09038556
0.00142000    0.04828255         0.09038882
0.00143000    0.04827035         0.09039209
0.00144000    0.04825814         0.09039535
0.00145000    0.04824593         0.09039863
0.00146000    0.04823371         0.09040190
0.00147000    0.04822149         0.09040518
0.00148000    0.04820926         0.09040846
0.00149000    0.04819702         0.09041174
0.00150000    0.04818478         0.09041503
0.00151000    0.04817253         0.09041831
0.00152000    0.04816028         0.09042161
0.00153000    0.04814802         0.09042490
0.00154000    0.04813575         0.09042820
0.00155000    0.04812348         0.09043150
0.00156000    0.04811120         0.09043480
0.00157000    0.04809891         0.09043811
0.00158000    0.04808662         0.09044142
0.00159000    0.04807432         0.09044473
0.00160000    0.04806201         0.09044805
0.00161000    0.04804970         0.09045136
0.00162000    0.04803738         0.09045468
0.00163000    0.04802505         0.09045800
0.00164000    0.04801272         0.09046133
0.00165000    0.04800037         0.09046466
0.00166000    0.04798803         0.09046799
0.00167000    0.04797567         0.09047132
0.00168000    0.04796331         0.09047465
0.00169000    0.04795094         0.09047799
0.00170000    0.04793857         0.09048133
0.00171000    0.04792618         0.09048467
0.00172000    0.04791379         0.09048801
0.00173000    0.04790140         0.09049136
0.00174000    0.04788899         0.09049471
0.00175000    0.04787658         0.09049806
0.00176000    0.04786416         0.09050141
0.00177000    0.04785173         0.09050477
0.00178000    0.04783930         0.09050812
0.00179000    0.04782686         0.09051148
0.00180000    0.04781441         0.09051484
0.00181000    0.04780195         0.09051821
0.00182000    0.04778949         0.09052157
0.00183000    0.04777702         0.09052494
0.00184000    0.04776454         0.09052831
0.00185000    0.04775205         0.09053168
0.00186000    0.04773956         0.09053505
0.00187000    0.04772705         0.09053843
0.00188000    0.04771454         0.09054180
0.00189000    0.04770203         0.09054518
0.00190000    0.04768950         0.09054856
0.00191000    0.04767697         0.09055194
0.00192000    0.04766443         0.09055533
0.00193000    0.04765188         0.09055871
0.00194000    0.04763932         0.09056210
0.00195000    0.04762676         0.09056549
0.00196000    0.04761418         0.09056888
0.00197000    0.04760160         0.09057227
0.00198000    0.04758901         0.09057567
0.00199000    0.04757642         0.09057906
0.00200000    0.04756381         0.09058246
0.00201000    0.04755120         0.09058586
0.00202000    0.04753858         0.09058926
0.00203000    0.04752595         0.09059266
0.00204000    0.04751331         0.09059607
0.00205000    0.04750066         0.09059947
0.00206000    0.04748801         0.09060288
0.00207000    0.04747534         0.09060629
0.00208000    0.04746267         0.09060970
0.00209000    0.04744999         0.09061311
0.00210000    0.04743731         0.09061652
0.00211000    0.04742461         0.09061994
0.00212000    0.04741191         0.09062336
0.00213000    0.04739919         0.09062677
0.00214000    0.04738647         0.09063019
0.00215000    0.04737374         0.09063361
0.00216000    0.04736100         0.09063703
0.00217000    0.04734825         0.09064046
0.00218000    0.04733550         0.09064388
0.00219000    0.04732273         0.09064731
0.00220000    0.04730996         0.09065073
0.00221000    0.04729718         0.09065416
0.00222000    0.04728439         0.09065759
0.00223000    0.04727159         0.09066102
0.00224000    0.04725878         0.09066445
0.00225000    0.04724596         0.09066789
0.00226000    0.04723314         0.09067132
0.00227000    0.04722030         0.09067476
0.00228000    0.04720746         0.09067820
0.00229000    0.04719461         0.09068163
0.00230000    0.04718174         0.09068507
0.00231000    0.04716887         0.09068851
0.00232000    0.04715600         0.09069196
0.00233000    0.04714311         0.09069540
0.00234000    0.04713021         0.09069884
0.00235000    0.04711730         0.09070229
0.00236000    0.04710439         0.09070574
0.00237000    0.04709146         0.09070918
0.00238000    0.04707853         0.09071263
0.00239000    0.04706559         0.09071608
0.00240000    0.04705264         0.09071953
0.00241000    0.04703968         0.09072298
0.00242000    0.04702671         0.09072644
0.00243000    0.04701373         0.09072989
0.00244000    0.04700074         0.09073335
0.00245000    0.04698774         0.09073680
0.00246000    0.04697474         0.09074026
0.00247000    0.04696172         0.09074372
0.00248000    0.04694869         0.09074718
0.00249000    0.04693566         0.09075064
0.00250000    0.04692261         0.09075410
0.00251000    0.04690956         0.09075756
0.00252000    0.04689650         0.09076103
0.00253000    0.04688343         0.09076449
0.00254000    0.04687034         0.09076795
0.00255000    0.04685725         0.09077142
0.00256000    0.04684415         0.09077489
0.00257000    0.04683104         0.09077836
0.00258000    0.04681792         0.09078183
0.00259000    0.04680479         0.09078529
0.00260000    0.04679166         0.09078877
0.00261000    0.04677851         0.09079224
0.00262000    0.04676535         0.09079571
0.00263000    0.04675218         0.09079918
0.00264000    0.04673900         0.09080266
0.00265000    0.04672582         0.09080613
0.00266000    0.04671262         0.09080961
0.00267000    0.04669942         0.09081309
0.00268000    0.04668620         0.09081657
0.00269000    0.04667297         0.09082004
0.00270000    0.04665974         0.09082352
0.00271000    0.04664649         0.09082700
0.00272000    0.04663324         0.09083049
0.00273000    0.04661997         0.09083397
0.00274000    0.04660670         0.09083745
0.00275000    0.04659341         0.09084093
0.00276000    0.04658012         0.09084442
0.00277000    0.04656682         0.09084790
0.00278000    0.04655350         0.09085139
0.00279000    0.04654018         0.09085488
0.00280000    0.04652684         0.09085837
0.00281000    0.04651350         0.09086185
0.00282000    0.04650015         0.09086534
0.00283000    0.04648678         0.09086883
0.00284000    0.04647341         0.09087232
0.00285000    0.04646002         0.09087582
0.00286000    0.04644663         0.09087931
0.00287000    0.04643322         0.09088280
0.00288000    0.04641981         0.09088630
0.00289000    0.04640639         0.09088979
0.00290000    0.04639295         0.09089329
0.00291000    0.04637951         0.09089678
0.00292000    0.04636605         0.09090028
0.00293000    0.04635259         0.09090378
0.00294000    0.04633911         0.09090728
0.00295000    0.04632563         0.09091077
0.00296000    0.04631213         0.09091427
0.00297000    0.04629862         0.09091778
0.00298000    0.04628511         0.09092128
0.00299000    0.04627158         0.09092478
0.00300000    0.04625804         0.09092828
0.00301000    0.04624450         0.09093178
0.00302000    0.04623094         0.09093529
0.00303000    0.04621737         0.09093879
0.00304000    0.04620379         0.09094230
0.00305000    0.04619020         0.09094580
0.00306000    0.04617660         0.09094931
0.00307000    0.04616299         0.09095282
0.00308000    0.04614937         0.09095633
0.00309000    0.04613574         0.09095983
0.00310000    0.04612210         0.09096334
0.00311000    0.04610845         0.09096685
0.00312000    0.04609479         0.09097036
0.00313000    0.04608111         0.09097388
0.00314000    0.04606743         0.09097739
0.00315000    0.04605374         0.09098090
0.00316000    0.04604003         0.09098441
0.00317000    0.04602632         0.09098793
0.00318000    0.04601259         0.09099144
0.00319000    0.04599885         0.09099496
0.00320000    0.04598511         0.09099847
0.00321000    0.04597135         0.09100199
0.00322000    0.04595758         0.09100551
0.00323000    0.04594380         0.09100902
0.00324000    0.04593001         0.09101254
0.00325000    0.04591621         0.09101606
0.00326000    0.04590240         0.09101958
0.00327000    0.04588857         0.09102310
0.00328000    0.04587474         0.09102662
0.00329000    0.04586089         0.09103014
0.00330000    0.04584704         0.09103366
0.00331000    0.04583317         0.09103719
0.00332000    0.04581930         0.09104071
0.00333000    0.04580541         0.09104423
0.00334000    0.04579151         0.09104776
0.00335000    0.04577760         0.09105128
0.00336000    0.04576368         0.09105481
0.00337000    0.04574975         0.09105833
0.00338000    0.04573580         0.09106186
0.00339000    0.04572185         0.09106539
0.00340000    0.04570788         0.09106891
0.00341000    0.04569391         0.09107244
0.00342000    0.04567992         0.09107597
0.00343000    0.04566592         0.09107950
0.00344000    0.04565191         0.09108303
0.00345000    0.04563789         0.09108656
0.00346000    0.04562386         0.09109009
0.00347000    0.04560982         0.09109362
0.00348000    0.04559576         0.09109715
0.00349000    0.04558170         0.09110069
0.00350000    0.04556762         0.09110422
0.00351000    0.04555353         0.09110775
0.00352000    0.04553943         0.09111129
0.00353000    0.04552532         0.09111482
0.00354000    0.04551120         0.09111836
0.00355000    0.04549707         0.09112189
0.00356000    0.04548292         0.09112543
0.00357000    0.04546877         0.09112897
0.00358000    0.04545460         0.09113250
0.00359000    0.04544042         0.09113604
0.00360000    0.04542623         0.09113958
0.00361000    0.04541203         0.09114312
0.00362000    0.04539782         0.09114666
0.00363000    0.04538359         0.09115020
0.00364000    0.04536936         0.09115374
0.00365000    0.04535511         0.09115728
0.00366000    0.04534085         0.09116082
0.00367000    0.04532658         0.09116436
0.00368000    0.04531230         0.09116791
0.00369000    0.04529800         0.09117145
0.00370000    0.04528370         0.09117499
0.00371000    0.04526938         0.09117854
0.00372000    0.04525505         0.09118208
0.00373000    0.04524071         0.09118563
0.00374000    0.04522636         0.09118917
0.00375000    0.04521200         0.09119272
0.00376000    0.04519762         0.09119626
0.00377000    0.04518324         0.09119981
0.00378000    0.04516884         0.09120336
0.00379000    0.04515443         0.09120691
0.00380000    0.04514000         0.09121045
0.00381000    0.04512557         0.09121400
0.00382000    0.04511112         0.09121755
0.00383000    0.04509667         0.09122110
0.00384000    0.04508220         0.09122465
0.00385000    0.04506771         0.09122820
0.00386000    0.04505322         0.09123176
0.00387000    0.04503872         0.09123531
0.00388000    0.04502420         0.09123886
0.00389000    0.04500967         0.09124241
0.00390000    0.04499513         0.09124597
0.00391000    0.04498057         0.09124952
0.00392000    0.04496601         0.09125307
0.00393000    0.04495143         0.09125663
0.00394000    0.04493684         0.09126018
0.00395000    0.04492224         0.09126374
0.00396000    0.04490763         0.09126730
0.00397000    0.04489300         0.09127085
0.00398000    0.04487836         0.09127441
0.00399000    0.04486371         0.09127797
0.00400000    0.04484905         0.09128152
0.00401000    0.04483438         0.09128508
0.00402000    0.04481969         0.09128864
0.00403000    0.04480499         0.09129220
0.00404000    0.04479028         0.09129576
0.00405000    0.04477556         0.09129932
0.00406000    0.04476082         0.09130288
0.00407000    0.04474607         0.09130644
0.00408000    0.04473131         0.09131000
0.00409000    0.04471654         0.09131357
0.00410000    0.04470175         0.09131713
0.00411000    0.04468696         0.09132069
0.00412000    0.04467215         0.09132425
0.00413000    0.04465732         0.09132782
0.00414000    0.04464249         0.09133138
0.00415000    0.04462764         0.09133495
0.00416000    0.04461278         0.09133851
0.00417000    0.04459791         0.09134208
0.00418000    0.04458303         0.09134564
0.00419000    0.04456813         0.09134921
0.00420000    0.04455322         0.09135278
0.00421000    0.04453830         0.09135634
0.00422000    0.04452336         0.09135991
0.00423000    0.04450841         0.09136348
0.00424000    0.04449345         0.09136705
0.00425000    0.04447848         0.09137062
0.00426000    0.04446349         0.09137419
0.00427000    0.04444850         0.09137776
0.00428000    0.04443348         0.09138133
0.00429000    0.04441846         0.09138490
0.00430000    0.04440342         0.09138847
0.00431000    0.04438837         0.09139204
0.00432000    0.04437331         0.09139561
0.00433000    0.04435824         0.09139918
0.00434000    0.04434315         0.09140276
0.00435000    0.04432805         0.09140633
0.00436000    0.04431293         0.09140990
0.00437000    0.04429781         0.09141348
0.00438000    0.04428267         0.09141705
0.00439000    0.04426751         0.09142063
0.00440000    0.04425235         0.09142420
0.00441000    0.04423717         0.09142778
0.00442000    0.04422198         0.09143135
0.00443000    0.04420677         0.09143493
0.00444000    0.04419156         0.09143851
0.00445000    0.04417633         0.09144208
0.00446000    0.04416108         0.09144566
0.00447000    0.04414582         0.09144924
0.00448000    0.04413055         0.09145282
0.00449000    0.04411527         0.09145640
0.00450000    0.04409997         0.09145998
0.00451000    0.04408466         0.09146356
0.00452000    0.04406934         0.09146714
0.00453000    0.04405400         0.09147072
0.00454000    0.04403865         0.09147430
0.00455000    0.04402329         0.09147788
0.00456000    0.04400792         0.09148146
0.00457000    0.04399253         0.09148504
0.00458000    0.04397712         0.09148863
0.00459000    0.04396171         0.09149221
0.00460000    0.04394628         0.09149579
0.00461000    0.04393083         0.09149938
0.00462000    0.04391538         0.09150296
0.00463000    0.04389991         0.09150654
0.00464000    0.04388442         0.09151013
0.00465000    0.04386893         0.09151371
0.00466000    0.04385341         0.09151730
0.00467000    0.04383789         0.09152089
0.00468000    0.04382235         0.09152447
0.00469000    0.04380680         0.09152806
0.00470000    0.04379124         0.09153165
0.00471000    0.04377566         0.09153523
0.00472000    0.04376006         0.09153882
0.00473000    0.04374446         0.09154241
0.00474000    0.04372884         0.09154600
0.00475000    0.04371320         0.09154959
0.00476000    0.04369756         0.09155318
0.00477000    0.04368190         0.09155677
0.00478000    0.04366622         0.09156036
0.00479000    0.04365053         0.09156395
0.00480000    0.04363483         0.09156754
0.00481000    0.04361911         0.09157113
0.00482000    0.04360338         0.09157472
0.00483000    0.04358764         0.09157831
0.00484000    0.04357188         0.09158191
0.00485000    0.04355611         0.09158550
0.00486000    0.04354032         0.09158909
0.00487000    0.04352452         0.09159269
0.00488000    0.04350870         0.09159628
0.00489000    0.04349288         0.09159988
0.00490000    0.04347703         0.09160347
0.00491000    0.04346118         0.09160707
0.00492000    0.04344531         0.09161066
0.00493000    0.04342942         0.09161426
0.00494000    0.04341352         0.09161785
0.00495000    0.04339761         0.09162145
0.00496000    0.04338168         0.09162505
0.00497000    0.04336574         0.09162864
0.00498000    0.04334978         0.09163224
0.00499000    0.04333381         0.09163584
0.00500000    0.04331783         0.09163944
0.00501000    0.04330183         0.09164304
0.00502000    0.04328581         0.09164663
0.00503000    0.04326978         0.09165023
0.00504000    0.04325374         0.09165383
0.00505000    0.04323768         0.09165743
0.00506000    0.04322161         0.09166103
0.00507000    0.04320553         0.09166464
0.00508000    0.04318943         0.09166824
0.00509000    0.04317331         0.09167184
0.00510000    0.04315718         0.09167544
0.00511000    0.04314104         0.09167904
0.00512000    0.04312488         0.09168264
0.00513000    0.04310870         0.09168625
0.00514000    0.04309252         0.09168985
0.00515000    0.04307631         0.09169345
0.00516000    0.04306009         0.09169706
0.00517000    0.04304386         0.09170066
0.00518000    0.04302761         0.09170427
0.00519000    0.04301135         0.09170787
0.00520000    0.04299508         0.09171148
0.00521000    0.04297878         0.09171508
0.00522000    0.04296248         0.09171869
0.00523000    0.04294616         0.09172229
0.00524000    0.04292982         0.09172590
0.00525000    0.04291347         0.09172951
0.00526000    0.04289710         0.09173312
0.00527000    0.04288072         0.09173672
0.00528000    0.04286432         0.09174033
0.00529000    0.04284791         0.09174394
0.00530000    0.04283148         0.09174755
0.00531000    0.04281504         0.09175116
0.00532000    0.04279859         0.09175477
0.00533000    0.04278211         0.09175838
0.00534000    0.04276563         0.09176199
0.00535000    0.04274912         0.09176560
0.00536000    0.04273261         0.09176921
0.00537000    0.04271607         0.09177282
0.00538000    0.04269952         0.09177643
0.00539000    0.04268296         0.09178004
0.00540000    0.04266638         0.09178365
0.00541000    0.04264979         0.09178727
0.00542000    0.04263318         0.09179088
0.00543000    0.04261655         0.09179449
0.00544000    0.04259991         0.09179810
0.00545000    0.04258325         0.09180172
0.00546000    0.04256658         0.09180533
0.00547000    0.04254989         0.09180895
0.00548000    0.04253319         0.09181256
0.00549000    0.04251647         0.09181617
0.00550000    0.04249974         0.09181979
0.00551000    0.04248299         0.09182341
0.00552000    0.04246622         0.09182702
0.00553000    0.04244944         0.09183064
0.00554000    0.04243264         0.09183425
0.00555000    0.04241583         0.09183787
0.00556000    0.04239900         0.09184149
0.00557000    0.04238216         0.09184510
0.00558000    0.04236530         0.09184872
0.00559000    0.04234842         0.09185234
0.00560000    0.04233153         0.09185596
0.00561000    0.04231462         0.09185958
0.00562000    0.04229770         0.09186320
0.00563000    0.04228076         0.09186681
0.00564000    0.04226380         0.09187043
0.00565000    0.04224683         0.09187405
0.00566000    0.04222984         0.09187767
0.00567000    0.04221284         0.09188129
0.00568000    0.04219582         0.09188491
0.00569000    0.04217878         0.09188854
0.00570000    0.04216173         0.09189216
0.00571000    0.04214466         0.09189578
0.00572000    0.04212757         0.09189940
0.00573000    0.04211047         0.09190302
0.00574000    0.04209335         0.09190664
0.00575000    0.04207622         0.09191027
0.00576000    0.04205907         0.09191389
0.00577000    0.04204190         0.09191751
0.00578000    0.04202472         0.09192114
0.00579000    0.04200752         0.09192476
0.00580000    0.04199030         0.09192839
0.00581000    0.04197307         0.09193201
0.00582000    0.04195582         0.09193563
0.00583000    0.04193855         0.09193926
0.00584000    0.04192127         0.09194289
0.00585000    0.04190397         0.09194651
0.00586000    0.04188665         0.09195014
0.00587000    0.04186932         0.09195376
0.00588000    0.04185197         0.09195739
0.00589000    0.04183460         0.09196102
0.00590000    0.04181722         0.09196464
0.00591000    0.04179982         0.09196827
0.00592000    0.04178240         0.09197190
0.00593000    0.04176497         0.09197553
0.00594000    0.04174752         0.09197915
0.00595000    0.04173005         0.09198278
0.00596000    0.04171256         0.09198641
0.00597000    0.04169506         0.09199004
0.00598000    0.04167754         0.09199367
0.00599000    0.04166001         0.09199730
0.00600000    0.04164245         0.09200093
0.00601000    0.04162488         0.09200456
0.00602000    0.04160730         0.09200819
0.00603000    0.04158969         0.09201182
0.00604000    0.04157207         0.09201545
0.00605000    0.04155443         0.09201908
0.00606000    0.04153677         0.09202271
0.00607000    0.04151910         0.09202634
0.00608000    0.04150141         0.09202998
0.00609000    0.04148370         0.09203361
0.00610000    0.04146597         0.09203724
0.00611000    0.04144823         0.09204087
0.00612000    0.04143047         0.09204451
0.00613000    0.04141269         0.09204814
0.00614000    0.04139490         0.09205177
0.00615000    0.04137708         0.09205541
0.00616000    0.04135925         0.09205904
0.00617000    0.04134140         0.09206267
0.00618000    0.04132353         0.09206631
0.00619000    0.04130565         0.09206994
0.00620000    0.04128775         0.09207358
0.00621000    0.04126983         0.09207721
0.00622000    0.04125189         0.09208085
0.00623000    0.04123393         0.09208448
0.00624000    0.04121596         0.09208812
0.00625000    0.04119797         0.09209176
0.00626000    0.04117996         0.09209539
0.00627000    0.04116193         0.09209903
0.00628000    0.04114388         0.09210267
0.00629000    0.04112582         0.09210630
0.00630000    0.04110774         0.09210994
0.00631000    0.04108964         0.09211358
0.00632000    0.04107152         0.09211722
0.00633000    0.04105338         0.09212085
0.00634000    0.04103523         0.09212449
0.00635000    0.04101705         0.09212813
0.00636000    0.04099886         0.09213177
0.00637000    0.04098065         0.09213541
0.00638000    0.04096242         0.09213905
0.00639000    0.04094418         0.09214269
0.00640000    0.04092591         0.09214633
0.00641000    0.04090763         0.09214997
0.00642000    0.04088932         0.09215361
0.00643000    0.04087100         0.09215725
0.00644000    0.04085266         0.09216089
0.00645000    0.04083430         0.09216453
0.00646000    0.04081593         0.09216817
0.00647000    0.04079753         0.09217181
0.00648000    0.04077912         0.09217545
0.00649000    0.04076068         0.09217909
0.00650000    0.04074223         0.09218274
0.00651000    0.04072376         0.09218638
0.00652000    0.04070527         0.09219002
0.00653000    0.04068676         0.09219366
0.00654000    0.04066823         0.09219731
0.00655000    0.04064969         0.09220095
0.00656000    0.04063112         0.09220459
0.00657000    0.04061253         0.09220824
0.00658000    0.04059393         0.09221188
0.00659000    0.04057531         0.09221552
0.00660000    0.04055666         0.09221917
0.00661000    0.04053800         0.09222281
0.00662000    0.04051932         0.09222646
0.00663000    0.04050062         0.09223010
0.00664000    0.04048190         0.09223375
0.00665000    0.04046316         0.09223739
0.00666000    0.04044440         0.09224104
0.00667000    0.04042562         0.09224468
0.00668000    0.04040682         0.09224833
0.00669000    0.04038800         0.09225197
0.00670000    0.04036917         0.09225562
0.00671000    0.04035031         0.09225927
0.00672000    0.04033143         0.09226291
0.00673000    0.04031254         0.09226656
0.00674000    0.04029362         0.09227021
0.00675000    0.04027469         0.09227385
0.00676000    0.04025573         0.09227750
0.00677000    0.04023675         0.09228115
0.00678000    0.04021776         0.09228480
0.00679000    0.04019874         0.09228844
0.00680000    0.04017971         0.09229209
0.00681000    0.04016065         0.09229574
0.00682000    0.04014157         0.09229939
0.00683000    0.04012248         0.09230304
0.00684000    0.04010336         0.09230669
0.00685000    0.04008423         0.09231033
0.00686000    0.04006507         0.09231398
0.00687000    0.04004589         0.09231763
0.00688000    0.04002669         0.09232128
0.00689000    0.04000748         0.09232493
0.00690000    0.03998824         0.09232858
0.00691000    0.03996898         0.09233223
0.00692000    0.03994970         0.09233588
0.00693000    0.03993040         0.09233953
0.00694000    0.03991108         0.09234318
0.00695000    0.03989174         0.09234683
0.00696000    0.03987238         0.09235048
0.00697000    0.03985299         0.09235414
0.00698000    0.03983359         0.09235779
0.00699000    0.03981416         0.09236144
0.00700000    0.03979472         0.09236509
0.00701000    0.03977525         0.09236874
0.00702000    0.03975577         0.09237239
0.00703000    0.03973626         0.09237604
0.00704000    0.03971673         0.09237970
0.00705000    0.03969718         0.09238335
0.00706000    0.03967761         0.09238700
0.00707000    0.03965801         0.09239065
0.00708000    0.03963840         0.09239431
0.00709000    0.03961877         0.09239796
0.00710000    0.03959911         0.09240161
0.00711000    0.03957943         0.09240527
0.00712000    0.03955973         0.09240892
0.00713000    0.03954001         0.09241257
0.00714000    0.03952027         0.09241623
0.00715000    0.03950051         0.09241988
0.00716000    0.03948072         0.09242353
0.00717000    0.03946091         0.09242719
0.00718000    0.03944108         0.09243084
0.00719000    0.03942123         0.09243450
0.00720000    0.03940136         0.09243815
0.00721000    0.03938147         0.09244180
0.00722000    0.03936155         0.09244546
0.00723000    0.03934161         0.09244911
0.00724000    0.03932165         0.09245277
0.00725000    0.03930167         0.09245642
0.00726000    0.03928167         0.09246008
0.00727000    0.03926164         0.09246373
0.00728000    0.03924159         0.09246739
0.00729000    0.03922152         0.09247105
0.00730000    0.03920143         0.09247470
0.00731000    0.03918132         0.09247836
0.00732000    0.03916118         0.09248201
0.00733000    0.03914102         0.09248567
0.00734000    0.03912084         0.09248933
0.00735000    0.03910063         0.09249298
0.00736000    0.03908040         0.09249664
0.00737000    0.03906015         0.09250029
0.00738000    0.03903988         0.09250395
0.00739000    0.03901959         0.09250761
0.00740000    0.03899927         0.09251126
0.00741000    0.03897893         0.09251492
0.00742000    0.03895856         0.09251858
0.00743000    0.03893818         0.09252224
0.00744000    0.03891777         0.09252589
0.00745000    0.03889733         0.09252955
0.00746000    0.03887688         0.09253321
0.00747000    0.03885640         0.09253687
0.00748000    0.03883590         0.09254052
0.00749000    0.03881537         0.09254418
0.00750000    0.03879482         0.09254784
0.00751000    0.03877425         0.09255150
0.00752000    0.03875366         0.09255515
0.00753000    0.03873304         0.09255881
0.00754000    0.03871240         0.09256247
0.00755000    0.03869173         0.09256613
0.00756000    0.03867104         0.09256979
0.00757000    0.03865033         0.09257345
0.00758000    0.03862959         0.09257710
0.00759000    0.03860883         0.09258076
0.00760000    0.03858805         0.09258442
0.00761000    0.03856724         0.09258808
0.00762000    0.03854641         0.09259174
0.00763000    0.03852555         0.09259540
0.00764000    0.03850467         0.09259906
0.00765000    0.03848377         0.09260272
0.00766000    0.03846284         0.09260638
0.00767000    0.03844189         0.09261003
0.00768000    0.03842091         0.09261369
0.00769000    0.03839991         0.09261735
0.00770000    0.03837888         0.09262101
0.00771000    0.03835783         0.09262467
0.00772000    0.03833676         0.09262833
0.00773000    0.03831566         0.09263199
0.00774000    0.03829454         0.09263565
0.00775000    0.03827339         0.09263931
0.00776000    0.03825222         0.09264297
0.00777000    0.03823102         0.09264663
0.00778000    0.03820980         0.09265029
0.00779000    0.03818855         0.09265395
0.00780000    0.03816728         0.09265761
0.00781000    0.03814598         0.09266127
0.00782000    0.03812466         0.09266493
0.00783000    0.03810331         0.09266859
0.00784000    0.03808194         0.09267225
0.00785000    0.03806054         0.09267591
0.00786000    0.03803912         0.09267957
0.00787000    0.03801767         0.09268323
0.00788000    0.03799619         0.09268689
0.00789000    0.03797469         0.09269055
0.00790000    0.03795317         0.09269421
0.00791000    0.03793162         0.09269787
0.00792000    0.03791004         0.09270153
0.00793000    0.03788844         0.09270519
0.00794000    0.03786681         0.09270885
0.00795000    0.03784516         0.09271251
0.00796000    0.03782348         0.09271617
0.00797000    0.03780178         0.09271983
0.00798000    0.03778004         0.09272350
0.00799000    0.03775829         0.09272716
0.00800000    0.03773650         0.09273082
0.00801000    0.03771469         0.09273448
0.00802000    0.03769286         0.09273814
0.00803000    0.03767099         0.09274180
0.00804000    0.03764911         0.09274546
0.00805000    0.03762719         0.09274912
0.00806000    0.03760525         0.09275278
0.00807000    0.03758328         0.09275644
0.00808000    0.03756128         0.09276010
0.00809000    0.03753926         0.09276376
0.00810000    0.03751721         0.09276742
0.00811000    0.03749514         0.09277108
0.00812000    0.03747304         0.09277474
0.00813000    0.03745091         0.09277840
0.00814000    0.03742875         0.09278206
0.00815000    0.03740657         0.09278573
0.00816000    0.03738436         0.09278939
0.00817000    0.03736212         0.09279305
0.00818000    0.03733985         0.09279671
0.00819000    0.03731756         0.09280037
0.00820000    0.03729524         0.09280403
0.00821000    0.03727289         0.09280769
0.00822000    0.03725052         0.09281135
0.00823000    0.03722811         0.09281501
0.00824000    0.03720568         0.09281867
0.00825000    0.03718322         0.09282233
0.00826000    0.03716074         0.09282599
0.00827000    0.03713822         0.09282965
0.00828000    0.03711568         0.09283331
0.00829000    0.03709311         0.09283697
0.00830000    0.03707051         0.09284063
0.00831000    0.03704788         0.09284429
0.00832000    0.03702523         0.09284795
0.00833000    0.03700254         0.09285161
0.00834000    0.03697983         0.09285527
0.00835000    0.03695709         0.09285893
0.00836000    0.03693432         0.09286259
0.00837000    0.03691152         0.09286625
0.00838000    0.03688870         0.09286991
0.00839000    0.03686584         0.09287357
0.00840000    0.03684295         0.09287723
0.00841000    0.03682004         0.09288089
0.00842000    0.03679710         0.09288455
0.00843000    0.03677413         0.09288821
0.00844000    0.03675113         0.09289187
0.00845000    0.03672810         0.09289553
0.00846000    0.03670504         0.09289919
0.00847000    0.03668195         0.09290285
0.00848000    0.03665883         0.09290650
0.00849000    0.03663568         0.09291016
0.00850000    0.03661250         0.09291382
0.00851000    0.03658930         0.09291748
0.00852000    0.03656606         0.09292114
0.00853000    0.03654279         0.09292480
0.00854000    0.03651949         0.09292846
0.00855000    0.03649617         0.09293212
0.00856000    0.03647281         0.09293577
0.00857000    0.03644942         0.09293943
0.00858000    0.03642600         0.09294309
0.00859000    0.03640256         0.09294675
0.00860000    0.03637908         0.09295041
0.00861000    0.03635557         0.09295407
0.00862000    0.03633203         0.09295772
0.00863000    0.03630846         0.09296138
0.00864000    0.03628486         0.09296504
0.00865000    0.03626123         0.09296870
0.00866000    0.03623756         0.09297235
0.00867000    0.03621387         0.09297601
0.00868000    0.03619014         0.09297967
0.00869000    0.03616639         0.09298333
0.00870000    0.03614260         0.09298698
0.00871000    0.03611878         0.09299064
0.00872000    0.03609493         0.09299430
0.00873000    0.03607105         0.09299795
0.00874000    0.03604713         0.09300161
0.00875000    0.03602319         0.09300526
0.00876000    0.03599921         0.09300892
0.00877000    0.03597520         0.09301258
0.00878000    0.03595116         0.09301623
0.00879000    0.03592709         0.09301989
0.00880000    0.03590298         0.09302354
0.00881000    0.03587885         0.09302720
0.00882000    0.03585468         0.09303086
0.00883000    0.03583048         0.09303451
0.00884000    0.03580624         0.09303817
0.00885000    0.03578197         0.09304182
0.00886000    0.03575767         0.09304547
0.00887000    0.03573334         0.09304913
0.00888000    0.03570898         0.09305278
0.00889000    0.03568458         0.09305644
0.00890000    0.03566015         0.09306009
0.00891000    0.03563568         0.09306375
0.00892000    0.03561118         0.09306740
0.00893000    0.03558665         0.09307105
0.00894000    0.03556209         0.09307471
0.00895000    0.03553749         0.09307836
0.00896000    0.03551286         0.09308201
0.00897000    0.03548819         0.09308567
0.00898000    0.03546349         0.09308932
0.00899000    0.03543876         0.09309297
0.00900000    0.03541399         0.09309662
0.00901000    0.03538919         0.09310027
0.00902000    0.03536436         0.09310393
0.00903000    0.03533949         0.09310758
0.00904000    0.03531459         0.09311123
0.00905000    0.03528965         0.09311488
0.00906000    0.03526467         0.09311853
0.00907000    0.03523967         0.09312218
0.00908000    0.03521462         0.09312583
0.00909000    0.03518955         0.09312948
0.00910000    0.03516443         0.09313313
0.00911000    0.03513929         0.09313678
0.00912000    0.03511411         0.09314043
0.00913000    0.03508889         0.09314408
0.00914000    0.03506363         0.09314773
0.00915000    0.03503835         0.09315138
0.00916000    0.03501302         0.09315503
0.00917000    0.03498766         0.09315868
0.00918000    0.03496227         0.09316233
0.00919000    0.03493683         0.09316598
0.00920000    0.03491137         0.09316962
0.00921000    0.03488586         0.09317327
0.00922000    0.03486032         0.09317692
0.00923000    0.03483475         0.09318057
0.00924000    0.03480913         0.09318421
0.00925000    0.03478348         0.09318786
0.00926000    0.03475780         0.09319151
0.00927000    0.03473208         0.09319515
0.00928000    0.03470632         0.09319880
0.00929000    0.03468052         0.09320244
0.00930000    0.03465469         0.09320609
0.00931000    0.03462882         0.09320973
0.00932000    0.03460291         0.09321338
0.00933000    0.03457696         0.09321702
0.00934000    0.03455098         0.09322067
0.00935000    0.03452496         0.09322431
0.00936000    0.03449890         0.09322796
0.00937000    0.03447280         0.09323160
0.00938000    0.03444667         0.09323524
0.00939000    0.03442050         0.09323889
0.00940000    0.03439428         0.09324253
0.00941000    0.03436804         0.09324617
0.00942000    0.03434175         0.09324981
0.00943000    0.03431542         0.09325345
0.00944000    0.03428906         0.09325710
0.00945000    0.03426265         0.09326074
0.00946000    0.03423621         0.09326438
0.00947000    0.03420973         0.09326802
0.00948000    0.03418321         0.09327166
0.00949000    0.03415665         0.09327530
0.00950000    0.03413005         0.09327894
0.00951000    0.03410341         0.09328258
0.00952000    0.03407673         0.09328621
0.00953000    0.03405001         0.09328985
0.00954000    0.03402325         0.09329349
0.00955000    0.03399645         0.09329713
0.00956000    0.03396961         0.09330077
0.00957000    0.03394273         0.09330440
0.00958000    0.03391581         0.09330804
0.00959000    0.03388885         0.09331168
0.00960000    0.03386185         0.09331531
0.00961000    0.03383481         0.09331895
0.00962000    0.03380773         0.09332258
0.00963000    0.03378060         0.09332622
0.00964000    0.03375344         0.09332985
0.00965000    0.03372623         0.09333349
0.00966000    0.03369898         0.09333712
0.00967000    0.03367169         0.09334075
0.00968000    0.03364436         0.09334439
0.00969000    0.03361699         0.09334802
0.00970000    0.03358957         0.09335165
0.00971000    0.03356211         0.09335528
0.00972000    0.03353461         0.09335892
0.00973000    0.03350707         0.09336255
0.00974000    0.03347948         0.09336618
0.00975000    0.03345186         0.09336981
0.00976000    0.03342419         0.09337344
0.00977000    0.03339647         0.09337707
0.00978000    0.03336872         0.09338070
0.00979000    0.03334092         0.09338433
0.00980000    0.03331307         0.09338795
0.00981000    0.03328519         0.09339158
0.00982000    0.03325725         0.09339521
0.00983000    0.03322928         0.09339884
0.00984000    0.03320126         0.09340246
0.00985000    0.03317320         0.09340609
0.00986000    0.03314509         0.09340971
0.00987000    0.03311694         0.09341334
0.00988000    0.03308874         0.09341696
0.00989000    0.03306050         0.09342059
0.00990000    0.03303221         0.09342421
0.00991000    0.03300388         0.09342784
0.00992000    0.03297551         0.09343146
0.00993000    0.03294709         0.09343508
0.00994000    0.03291862         0.09343870
0.00995000    0.03289011         0.09344233
0.00996000    0.03286155         0.09344595
0.00997000    0.03283294         0.09344957
0.00998000    0.03280429         0.09345319
0.00999000    0.03277559         0.09345681
0.01000000    0.03274685         0.09346043
0.01001000    0.03271806         0.09346404
0.01002000    0.03268922         0.09346766
0.01003000    0.03266034         0.09347128
0.01004000    0.03263141         0.09347490
0.01005000    0.03260243         0.09347851
0.01006000    0.03257340         0.09348213
0.01007000    0.03254433         0.09348575
0.01008000    0.03251521         0.09348936
0.01009000    0.03248604         0.09349298
0.01010000    0.03245682         0.09349659
0.01011000    0.03242755         0.09350020
0.01012000    0.03239824         0.09350382
0.01013000    0.03236887         0.09350743
0.01014000    0.03233946         0.09351104
0.01015000    0.03231000         0.09351465
0.01016000    0.03228049         0.09351826
0.01017000    0.03225093         0.09352187
0.01018000    0.03222132         0.09352548
0.01019000    0.03219166         0.09352909
0.01020000    0.03216195         0.09353270
0.01021000    0.03213219         0.09353631
0.01022000    0.03210239         0.09353992
0.01023000    0.03207253         0.09354352
0.01024000    0.03204262         0.09354713
0.01025000    0.03201265         0.09355074
0.01026000    0.03198264         0.09355434
0.01027000    0.03195258         0.09355795
0.01028000    0.03192246         0.09356155
0.01029000    0.03189230         0.09356515
0.01030000    0.03186208         0.09356876
0.01031000    0.03183181         0.09357236
0.01032000    0.03180149         0.09357596
0.01033000    0.03177111         0.09357956
0.01034000    0.03174069         0.09358316
0.01035000    0.03171021         0.09358676
0.01036000    0.03167967         0.09359036
0.01037000    0.03164909         0.09359396
0.01038000    0.03161845         0.09359756
0.01039000    0.03158776         0.09360115
0.01040000    0.03155701         0.09360475
0.01041000    0.03152621         0.09360835
0.01042000    0.03149536         0.09361194
0.01043000    0.03146445         0.09361554
0.01044000    0.03143348         0.09361913
0.01045000    0.03140246         0.09362272
0.01046000    0.03137139         0.09362632
0.01047000    0.03134026         0.09362991
0.01048000    0.03130908         0.09363350
0.01049000    0.03127784         0.09363709
0.01050000    0.03124654         0.09364068
0.01051000    0.03121519         0.09364427
0.01052000    0.03118379         0.09364786
0.01053000    0.03115232         0.09365144
0.01054000    0.03112080         0.09365503
0.01055000    0.03108922         0.09365862
0.01056000    0.03105759         0.09366220
0.01057000    0.03102589         0.09366579
0.01058000    0.03099414         0.09366937
0.01059000    0.03096234         0.09367296
0.01060000    0.03093047         0.09367654
0.01061000    0.03089855         0.09368012
0.01062000    0.03086656         0.09368370
0.01063000    0.03083452         0.09368728
0.01064000    0.03080242         0.09369086
0.01065000    0.03077026         0.09369444
0.01066000    0.03073804         0.09369802
0.01067000    0.03070576         0.09370160
0.01068000    0.03067342         0.09370517
0.01069000    0.03064102         0.09370875
0.01070000    0.03060856         0.09371232
0.01071000    0.03057604         0.09371590
0.01072000    0.03054346         0.09371947
0.01073000    0.03051082         0.09372304
0.01074000    0.03047811         0.09372662
0.01075000    0.03044534         0.09373019
0.01076000    0.03041252         0.09373376
0.01077000    0.03037963         0.09373733
0.01078000    0.03034667         0.09374090
0.01079000    0.03031366         0.09374446
0.01080000    0.03028058         0.09374803
0.01081000    0.03024743         0.09375160
0.01082000    0.03021423         0.09375516
0.01083000    0.03018096         0.09375873
0.01084000    0.03014762         0.09376229
0.01085000    0.03011423         0.09376585
0.01086000    0.03008076         0.09376941
0.01087000    0.03004724         0.09377298
0.01088000    0.03001364         0.09377654
0.01089000    0.02997998         0.09378010
0.01090000    0.02994626         0.09378365
0.01091000    0.02991247         0.09378721
0.01092000    0.02987861         0.09379077
0.01093000    0.02984469         0.09379432
0.01094000    0.02981070         0.09379788
0.01095000    0.02977664         0.09380143
0.01096000    0.02974251         0.09380498
0.01097000    0.02970832         0.09380854
0.01098000    0.02967406         0.09381209
0.01099000    0.02963973         0.09381564
0.01100000    0.02960533         0.09381919
0.01101000    0.02957086         0.09382274
0.01102000    0.02953632         0.09382628
0.01103000    0.02950172         0.09382983
0.01104000    0.02946704         0.09383337
0.01105000    0.02943229         0.09383692
0.01106000    0.02939748         0.09384046
0.01107000    0.02936259         0.09384400
0.01108000    0.02932763         0.09384755
0.01109000    0.02929259         0.09385109
0.01110000    0.02925749         0.09385463
0.01111000    0.02922232         0.09385816
0.01112000    0.02918707         0.09386170
0.01113000    0.02915175         0.09386524
0.01114000    0.02911635         0.09386877
0.01115000    0.02908088         0.09387231
0.01116000    0.02904534         0.09387584
0.01117000    0.02900972         0.09387937
0.01118000    0.02897403         0.09388290
0.01119000    0.02893827         0.09388643
0.01120000    0.02890243         0.09388996
0.01121000    0.02886651         0.09389349
0.01122000    0.02883051         0.09389702
0.01123000    0.02879445         0.09390054
0.01124000    0.02875830         0.09390407
0.01125000    0.02872208         0.09390759
0.01126000    0.02868577         0.09391112
0.01127000    0.02864939         0.09391464
0.01128000    0.02861294         0.09391816
0.01129000    0.02857640         0.09392168
0.01130000    0.02853979         0.09392519
0.01131000    0.02850309         0.09392871
0.01132000    0.02846632         0.09393223
0.01133000    0.02842946         0.09393574
0.01134000    0.02839253         0.09393926
0.01135000    0.02835551         0.09394277
0.01136000    0.02831841         0.09394628
0.01137000    0.02828123         0.09394979
0.01138000    0.02824397         0.09395330
0.01139000    0.02820663         0.09395681
0.01140000    0.02816920         0.09396031
0.01141000    0.02813169         0.09396382
0.01142000    0.02809410         0.09396732
0.01143000    0.02805642         0.09397082
0.01144000    0.02801865         0.09397433
0.01145000    0.02798080         0.09397783
0.01146000    0.02794287         0.09398133
0.01147000    0.02790485         0.09398482
0.01148000    0.02786674         0.09398832
0.01149000    0.02782855         0.09399182
0.01150000    0.02779027         0.09399531
0.01151000    0.02775190         0.09399880
0.01152000    0.02771344         0.09400229
0.01153000    0.02767489         0.09400578
0.01154000    0.02763626         0.09400927
0.01155000    0.02759753         0.09401276
0.01156000    0.02755872         0.09401625
0.01157000    0.02751981         0.09401973
0.01158000    0.02748081         0.09402322
0.01159000    0.02744172         0.09402670
0.01160000    0.02740254         0.09403018
0.01161000    0.02736327         0.09403366
0.01162000    0.02732390         0.09403714
0.01163000    0.02728444         0.09404061
0.01164000    0.02724489         0.09404409
0.01165000    0.02720524         0.09404756
0.01166000    0.02716549         0.09405104
0.01167000    0.02712565         0.09405451
0.01168000    0.02708571         0.09405798
0.01169000    0.02704568         0.09406145
0.01170000    0.02700555         0.09406491
0.01171000    0.02696532         0.09406838
0.01172000    0.02692499         0.09407184
0.01173000    0.02688457         0.09407531
0.01174000    0.02684404         0.09407877
0.01175000    0.02680342         0.09408223
0.01176000    0.02676269         0.09408569
0.01177000    0.02672186         0.09408914
0.01178000    0.02668093         0.09409260
0.01179000    0.02663990         0.09409605
0.01180000    0.02659877         0.09409950
0.01181000    0.02655753         0.09410296
0.01182000    0.02651618         0.09410640
0.01183000    0.02647474         0.09410985
0.01184000    0.02643318         0.09411330
0.01185000    0.02639153         0.09411674
0.01186000    0.02634976         0.09412019
0.01187000    0.02630789         0.09412363
0.01188000    0.02626591         0.09412707
0.01189000    0.02622382         0.09413051
0.01190000    0.02618162         0.09413394
0.01191000    0.02613931         0.09413738
0.01192000    0.02609689         0.09414081
0.01193000    0.02605436         0.09414424
0.01194000    0.02601172         0.09414767
0.01195000    0.02596896         0.09415110
0.01196000    0.02592609         0.09415453
0.01197000    0.02588311         0.09415796
0.01198000    0.02584001         0.09416138
0.01199000    0.02579680         0.09416480
0.01200000    0.02575347         0.09416822
0.01201000    0.02571003         0.09417164
0.01202000    0.02566647         0.09417506
0.01203000    0.02562278         0.09417847
0.01204000    0.02557898         0.09418188
0.01205000    0.02553506         0.09418530
0.01206000    0.02549102         0.09418871
0.01207000    0.02544686         0.09419211
0.01208000    0.02540258         0.09419552
0.01209000    0.02535817         0.09419893
0.01210000    0.02531364         0.09420233
0.01211000    0.02526898         0.09420573
0.01212000    0.02522420         0.09420913
0.01213000    0.02517929         0.09421253
0.01214000    0.02513426         0.09421592
0.01215000    0.02508909         0.09421931
0.01216000    0.02504380         0.09422271
0.01217000    0.02499838         0.09422610
0.01218000    0.02495283         0.09422948
0.01219000    0.02490715         0.09423287
0.01220000    0.02486133         0.09423625
0.01221000    0.02481538         0.09423964
0.01222000    0.02476930         0.09424302
0.01223000    0.02472308         0.09424639
0.01224000    0.02467673         0.09424977
0.01225000    0.02463024         0.09425314
0.01226000    0.02458361         0.09425652
0.01227000    0.02453684         0.09425989
0.01228000    0.02448994         0.09426326
0.01229000    0.02444289         0.09426662
0.01230000    0.02439570         0.09426999
0.01231000    0.02434837         0.09427335
0.01232000    0.02430089         0.09427671
0.01233000    0.02425327         0.09428007
0.01234000    0.02420550         0.09428342
0.01235000    0.02415759         0.09428678
0.01236000    0.02410953         0.09429013
0.01237000    0.02406131         0.09429348
0.01238000    0.02401295         0.09429683
0.01239000    0.02396444         0.09430017
0.01240000    0.02391577         0.09430352
0.01241000    0.02386695         0.09430686
0.01242000    0.02381798         0.09431020
0.01243000    0.02376885         0.09431353
0.01244000    0.02371956         0.09431687
0.01245000    0.02367011         0.09432020
0.01246000    0.02362051         0.09432353
0.01247000    0.02357074         0.09432686
0.01248000    0.02352081         0.09433018
0.01249000    0.02347072         0.09433351
0.01250000    0.02342046         0.09433683
0.01251000    0.02337004         0.09434015
0.01252000    0.02331945         0.09434346
0.01253000    0.02326869         0.09434678
0.01254000    0.02321776         0.09435009
0.01255000    0.02316666         0.09435340
0.01256000    0.02311539         0.09435670
0.01257000    0.02306394         0.09436001
0.01258000    0.02301232         0.09436331
0.01259000    0.02296052         0.09436661
0.01260000    0.02290854         0.09436991
0.01261000    0.02285639         0.09437320
0.01262000    0.02280405         0.09437649
0.01263000    0.02275152         0.09437978
0.01264000    0.02269882         0.09438307
0.01265000    0.02264592         0.09438636
0.01266000    0.02259284         0.09438964
0.01267000    0.02253957         0.09439292
0.01268000    0.02248611         0.09439620
0.01269000    0.02243246         0.09439947
0.01270000    0.02237861         0.09440274
0.01271000    0.02232456         0.09440601
0.01272000    0.02227032         0.09440928
0.01273000    0.02221588         0.09441254
0.01274000    0.02216124         0.09441580
0.01275000    0.02210639         0.09441906
0.01276000    0.02205134         0.09442232
0.01277000    0.02199608         0.09442557
0.01278000    0.02194062         0.09442882
0.01279000    0.02188494         0.09443207
0.01280000    0.02182905         0.09443532
0.01281000    0.02177294         0.09443856
0.01282000    0.02171662         0.09444180
0.01283000    0.02166008         0.09444504
0.01284000    0.02160332         0.09444827
0.01285000    0.02154634         0.09445150
0.01286000    0.02148913         0.09445473
0.01287000    0.02143169         0.09445795
0.01288000    0.02137403         0.09446118
0.01289000    0.02131613         0.09446440
0.01290000    0.02125800         0.09446761
0.01291000    0.02119963         0.09447083
0.01292000    0.02114102         0.09447404
0.01293000    0.02108217         0.09447724
0.01294000    0.02102308         0.09448045
0.01295000    0.02096374         0.09448365
0.01296000    0.02090416         0.09448685
0.01297000    0.02084432         0.09449004
0.01298000    0.02078423         0.09449323
0.01299000    0.02072388         0.09449642
0.01300000    0.02066328         0.09449961
0.01301000    0.02060241         0.09450279
0.01302000    0.02054127         0.09450597
0.01303000    0.02047987         0.09450915
0.01304000    0.02041820         0.09451232
0.01305000    0.02035625         0.09451549
0.01306000    0.02029403         0.09451866
0.01307000    0.02023153         0.09452182
0.01308000    0.02016874         0.09452498
0.01309000    0.02010567         0.09452813
0.01310000    0.02004231         0.09453129
0.01311000    0.01997866         0.09453444
0.01312000    0.01991471         0.09453758
0.01313000    0.01985046         0.09454073
0.01314000    0.01978591         0.09454387
0.01315000    0.01972106         0.09454700
0.01316000    0.01965589         0.09455013
0.01317000    0.01959041         0.09455326
0.01318000    0.01952461         0.09455639
0.01319000    0.01945849         0.09455951
0.01320000    0.01939204         0.09456263
0.01321000    0.01932526         0.09456574
0.01322000    0.01925815         0.09456885
0.01323000    0.01919071         0.09457196
0.01324000    0.01912292         0.09457506
0.01325000    0.01905478         0.09457816
0.01326000    0.01898629         0.09458125
0.01327000    0.01891745         0.09458435
0.01328000    0.01884825         0.09458743
0.01329000    0.01877868         0.09459052
0.01330000    0.01870874         0.09459360
0.01331000    0.01863842         0.09459667
0.01332000    0.01856773         0.09459974
0.01333000    0.01849665         0.09460281
0.01334000    0.01842518         0.09460588
0.01335000    0.01835331         0.09460894
0.01336000    0.01828104         0.09461199
0.01337000    0.01820836         0.09461504
0.01338000    0.01813527         0.09461809
0.01339000    0.01806176         0.09462113
0.01340000    0.01798783         0.09462417
0.01341000    0.01791346         0.09462721
0.01342000    0.01783866         0.09463024
0.01343000    0.01776340         0.09463327
0.01344000    0.01768770         0.09463629
0.01345000    0.01761154         0.09463931
0.01346000    0.01753491         0.09464232
0.01347000    0.01745781         0.09464533
0.01348000    0.01738022         0.09464833
0.01349000    0.01730215         0.09465133
0.01350000    0.01722358         0.09465433
0.01351000    0.01714451         0.09465732
0.01352000    0.01706492         0.09466030
0.01353000    0.01698481         0.09466328
0.01354000    0.01690417         0.09466626
0.01355000    0.01682299         0.09466923
0.01356000    0.01674126         0.09467220
0.01357000    0.01665897         0.09467516
0.01358000    0.01657611         0.09467812
0.01359000    0.01649267         0.09468107
0.01360000    0.01640864         0.09468402
0.01361000    0.01632401         0.09468696
0.01362000    0.01623877         0.09468990
0.01363000    0.01615290         0.09469283
0.01364000    0.01606640         0.09469576
0.01365000    0.01597925         0.09469868
0.01366000    0.01589144         0.09470159
0.01367000    0.01580295         0.09470450
0.01368000    0.01571378         0.09470741
0.01369000    0.01562390         0.09471031
0.01370000    0.01553331         0.09471321
0.01371000    0.01544198         0.09471610
0.01372000    0.01534991         0.09471898
0.01373000    0.01525708         0.09472186
0.01374000    0.01516346         0.09472473
0.01375000    0.01506905         0.09472760
0.01376000    0.01497382         0.09473046
0.01377000    0.01487775         0.09473332
0.01378000    0.01478083         0.09473617
0.01379000    0.01468304         0.09473901
0.01380000    0.01458435         0.09474185
0.01381000    0.01448475         0.09474468
0.01382000    0.01438420         0.09474751
0.01383000    0.01428269         0.09475033
0.01384000    0.01418019         0.09475314
0.01385000    0.01407668         0.09475595
0.01386000    0.01397212         0.09475875
0.01387000    0.01386649         0.09476154
0.01388000    0.01375977         0.09476433
0.01389000    0.01365191         0.09476711
0.01390000    0.01354289         0.09476989
0.01391000    0.01343267         0.09477266
0.01392000    0.01332122         0.09477542
0.01393000    0.01320850         0.09477817
0.01394000    0.01309447         0.09478092
0.01395000    0.01297908         0.09478366
0.01396000    0.01286230         0.09478640
0.01397000    0.01274408         0.09478912
0.01398000    0.01262437         0.09479184
0.01399000    0.01250312         0.09479456
0.01400000    0.01238027         0.09479726
0.01401000    0.01225577         0.09479996
0.01402000    0.01212955         0.09480265
0.01403000    0.01200155         0.09480533
0.01404000    0.01187170         0.09480800
0.01405000    0.01173993         0.09481067
0.01406000    0.01160615         0.09481333
0.01407000    0.01147029         0.09481598
0.01408000    0.01133224         0.09481862
0.01409000    0.01119192         0.09482126
0.01410000    0.01104921         0.09482388
0.01411000    0.01090401         0.09482650
0.01412000    0.01075619         0.09482911
0.01413000    0.01060561         0.09483171
0.01414000    0.01045214         0.09483430
0.01415000    0.01029562         0.09483688
0.01416000    0.01013587         0.09483946
0.01417000    0.00997271         0.09484202
0.01418000    0.00980592         0.09484458
0.01419000    0.00963528         0.09484712
0.01420000    0.00946052         0.09484966
0.01421000    0.00928138         0.09485218
0.01422000    0.00909752         0.09485470
0.01423000    0.00890859         0.09485720
0.01424000    0.00871418         0.09485970
0.01425000    0.00851383         0.09486218
0.01426000    0.00830700         0.09486465
0.01427000    0.00809309         0.09486712
0.01428000    0.00787137         0.09486957
0.01429000    0.00764099         0.09487201
0.01430000    0.00740096         0.09487444
0.01431000    0.00715004         0.09487685
0.01432000    0.00688676         0.09487926
0.01433000    0.00660923         0.09488165
0.01434000    0.00631510         0.09488402
0.01435000    0.00600127         0.09488639
0.01436000    0.00566357         0.09488874
0.01437000    0.00529616         0.09489108
0.01438000    0.00489048         0.09489340
0.01439000    0.00443304         0.09489571
0.01440000    0.00390057         0.09489800
0.01441000    0.00324656         0.09490027
0.01442000    0.00235196         0.09490253
0.01443000    0.00068671         0.09490477
