  0.00          0.04
  0.08          0.12
  0.16          0.20
  0.24          0.28
  0.32          0.36
  0.40          0.44
  0.48          0.52
  0.56          0.60
  0.64          0.68
  0.72          0.76
  0.80          0.84
  0.88          0.92
  0.96          1.00
  0.00          1.00
  0.04          1.00
  0.08          1.00
  0.12          1.00
  0.16          1.00
  0.20          1.00
  0.24          0.99
  0.28          0.99
  0.32          0.98
  0.36          0.98
  0.40          0.97
  0.44          0.96
  0.48          0.94
  0.52          0.93
  0.56          0.91
  0.60          0.89
  0.64          0.87
  0.68          0.84
  0.72          0.81
  0.76          0.78
  0.80          0.74
  0.84          0.70
  0.88          0.66
  0.92          0.61
  0.96          0.56
  1.00          0.50
