  0.00          1.00
  0.03         64.00
  0.09       2016.00
  0.16      41664.00
  0.22     635376.00
  0.28    7624512.00
  0.34   74974368.00
  0.41  621216192.00
  0.47  4426165368.00
  0.53  27540584512.00
  0.59  151473214816.00
  0.66  743595781824.00
  0.72  3284214703056.00
  0.78  13136858812224.00
  0.84  47855699958816.00
  0.91  159518999862720.00
  0.97  488526937079580.00
  1.03  1379370175283520.00
  1.09  3601688791018080.00
  1.16  8719878125622720.00
  1.22  19619725782651120.00
  1.28  41107996877935680.00
  1.34  80347448443237920.00
  1.41  146721427591999680.00
  1.47  250649105469666110.00
  1.53  401038568751465790.00
  1.59  601557853127198720.00
  1.66  846636978475316740.00
  1.72  1118770292985240100.00
  1.78  1388818294740297700.00
  1.84  1620288010530347500.00
  1.91  1777090076065542400.00
  1.97  1832624140942590500.00
  2.03  1777090076065542400.00
  2.09  1620288010530347500.00
  2.16  1388818294740297700.00
  2.22  1118770292985240100.00
  2.28  846636978475316740.00
  2.34  601557853127198720.00
  2.41  401038568751465790.00
  2.47  250649105469666110.00
  2.53  146721427591999680.00
  2.59  80347448443237920.00
  2.66  41107996877935680.00
  2.72  19619725782651120.00
  2.78  8719878125622720.00
  2.84  3601688791018080.00
  2.91  1379370175283520.00
  2.97  488526937079580.00
  3.03  159518999862720.00
  3.09  47855699958816.00
  3.16  13136858812224.00
  3.22  3284214703056.00
  3.28  743595781824.00
  3.34  151473214816.00
  3.41  27540584512.00
  3.47  4426165368.00
  3.53  621216192.00
  3.59   74974368.00
  3.66    7624512.00
  3.72     635376.00
  3.78      41664.00
  3.84       2016.00
  3.91         64.00
  3.97          1.00
  4.03          0.00
  4.09          0.00
  4.16          0.00
  4.22          0.00
  4.28          0.00
  4.34          0.00
  4.41          0.00
  4.47          0.00
  4.53          0.00
  4.59          0.00
  4.66          0.00
  4.72          0.00
  4.78          0.00
  4.84          0.00
  4.91          0.00
  4.97          0.00
  5.03          0.00
  5.09          0.00
  5.16          0.00
  5.22          0.00
  5.28          0.00
  5.34          0.00
  5.41          0.00
  5.47          0.00
  5.53          0.00
  5.59          0.00
  5.66          0.00
  5.72          0.00
  5.78          0.00
  5.84          0.00
  5.91          0.00
  5.97          0.00
  6.03          0.00
  6.09          0.00
  6.16          0.00
  6.22          0.00
  6.28          0.00
  6.34          0.00
  6.41          0.00
  6.47          0.00
  6.53          0.00
  6.59          0.00
  6.66          0.00
  6.72          0.00
  6.78          0.00
  6.84          0.00
  6.91          0.00
  6.97          0.00
  7.00          0.00
